train_accuracy: 6.07158e-05, 10th percentile: 0, 50th percentile: 0, 90th percentile 0
train_loss: 9.17141, 10th percentile: 8.79575, 50th percentile: 9.22076, 90th percentile 9.23035
test_accuracy: 6.07158e-05, 10th percentile: 0, 50th percentile: 0, 90th percentile 0
test_loss: 9.16837, 10th percentile: 8.81383, 50th percentile: 9.2209, 90th percentile 9.22976
--- Round 1 of 100: Training 10 Clients ---
train_accuracy: 0.0160974, 10th percentile: 0, 50th percentile: 0.0146425, 90th percentile 0.0252335
train_loss: 8.40259, 10th percentile: 8.01701, 50th percentile: 8.38969, 90th percentile 8.64779
