train_accuracy: 6.07158e-05, 10th percentile: 0, 50th percentile: 0, 90th percentile 0
train_loss: 9.17141, 10th percentile: 8.79575, 50th percentile: 9.22076, 90th percentile 9.23035
