train_accuracy: 6.07158e-05, 10th percentile: 0, 50th percentile: 0, 90th percentile 0
train_loss: 9.17141, 10th percentile: 8.79575, 50th percentile: 9.22076, 90th percentile 9.23035
test_accuracy: 6.07158e-05, 10th percentile: 0, 50th percentile: 0, 90th percentile 0
test_loss: 9.16837, 10th percentile: 8.81383, 50th percentile: 9.2209, 90th percentile 9.22976
--- Round 1 of 100: Training 10 Clients ---
train_accuracy: 0.0160214, 10th percentile: 0, 50th percentile: 0.0142857, 90th percentile 0.0251531
train_loss: 8.53375, 10th percentile: 8.08696, 50th percentile: 8.51212, 90th percentile 8.87908
