train_accuracy: 0.00363116, 10th percentile: 0, 50th percentile: 0.00352117, 90th percentile 0.00712766
train_loss: 4.12044, 10th percentile: 4.11509, 50th percentile: 4.11973, 90th percentile 4.12671
test_accuracy: 0.00392145, 10th percentile: 0, 50th percentile: 0, 90th percentile 0
test_loss: 4.11996, 10th percentile: 4.09628, 50th percentile: 4.12079, 90th percentile 4.14429
--- Round 1 of 10: Training 2 Clients ---
train_accuracy: 0.0541996, 10th percentile: 0.0280311, 50th percentile: 0.0672109, 90th percentile 0.0903297
train_loss: 3.84061, 10th percentile: 3.74282, 50th percentile: 3.7984, 90th percentile 3.91425
test_accuracy: 0.0532278, 10th percentile: 0, 50th percentile: 0.0555556, 90th percentile 0.122794
test_loss: 3.84835, 10th percentile: 3.68865, 50th percentile: 3.8443, 90th percentile 3.97365
--- Round 2 of 10: Training 2 Clients ---
train_accuracy: 0.232775, 10th percentile: 0.0984423, 50th percentile: 0.253167, 90th percentile 0.422635
train_loss: 3.48289, 10th percentile: 3.05259, 50th percentile: 3.27826, 90th percentile 3.81689
test_accuracy: 0.226703, 10th percentile: 0.037, 50th percentile: 0.222222, 90th percentile 0.472755
test_loss: 3.50646, 10th percentile: 2.88468, 50th percentile: 3.45305, 90th percentile 4.03384
--- Round 3 of 10: Training 2 Clients ---
