train_accuracy: 0.00363116, 10th percentile: 0, 50th percentile: 0.00352117, 90th percentile 0.00712766
train_loss: 4.12044, 10th percentile: 4.11509, 50th percentile: 4.11973, 90th percentile 4.12671
test_accuracy: 0.00392145, 10th percentile: 0, 50th percentile: 0, 90th percentile 0
test_loss: 4.11996, 10th percentile: 4.09628, 50th percentile: 4.12079, 90th percentile 4.14429
--- Round 1 of 15: Training 2 Clients ---
train_accuracy: 0.0533261, 10th percentile: 0.0274652, 50th percentile: 0.0672109, 90th percentile 0.085361
train_loss: 3.84787, 10th percentile: 3.75457, 50th percentile: 3.80945, 90th percentile 3.92009
test_accuracy: 0.0517356, 10th percentile: 0, 50th percentile: 0.0555556, 90th percentile 0.117647
test_loss: 3.85553, 10th percentile: 3.70198, 50th percentile: 3.85411, 90th percentile 3.9814
--- Round 2 of 15: Training 2 Clients ---
