train_accuracy: 0.00363116, 10th percentile: 0, 50th percentile: 0.00352117, 90th percentile 0.00712766
train_loss: 4.12044, 10th percentile: 4.11509, 50th percentile: 4.11973, 90th percentile 4.12671
test_accuracy: 0.00392145, 10th percentile: 0, 50th percentile: 0, 90th percentile 0
test_loss: 4.11996, 10th percentile: 4.09628, 50th percentile: 4.12079, 90th percentile 4.14429
--- Round 1 of 80: Training 2 Clients ---
train_accuracy: 0.0563953, 10th percentile: 0.0278183, 50th percentile: 0.0689662, 90th percentile 0.0955023
train_loss: 3.95235, 10th percentile: 3.89974, 50th percentile: 3.93003, 90th percentile 3.99441
test_accuracy: 0.0569527, 10th percentile: 0, 50th percentile: 0.0555556, 90th percentile 0.125
test_loss: 3.95591, 10th percentile: 3.86331, 50th percentile: 3.95394, 90th percentile 4.02829
--- Round 2 of 80: Training 2 Clients ---
