train_accuracy: 0.00363116, 10th percentile: 0, 50th percentile: 0.00352117, 90th percentile 0.00712766
train_loss: 4.12044, 10th percentile: 4.11509, 50th percentile: 4.11973, 90th percentile 4.12671
test_accuracy: 0.00392145, 10th percentile: 0, 50th percentile: 0, 90th percentile 0
test_loss: 4.11996, 10th percentile: 4.09628, 50th percentile: 4.12079, 90th percentile 4.14429
--- Round 1 of 10: Training 2 Clients ---
