train_accuracy: 0.0112524, 10th percentile: 0, 50th percentile: 0.00653595, 90th percentile 0.0258454
train_loss: 4.12623, 10th percentile: 4.11601, 50th percentile: 4.12783, 90th percentile 4.13381
test_accuracy: 0.0121363, 10th percentile: 0, 50th percentile: 0, 90th percentile 0.05
test_loss: 4.12714, 10th percentile: 4.10003, 50th percentile: 4.12803, 90th percentile 4.15842
--- Round 1 of 80: Training 2 Clients ---
